(-3,1,45,drone)
(-23,0,26,blue)
(-23,1,26,pink)
(-23,2,26,pink)
(-23,3,26,pink)
(-23,4,26,pink)
(-23,5,26,yellow)
(-23,6,26,yellow)
(-23,7,26,pink)
(-23,8,26,red)
(-23,9,26,pink)
(-23,10,26,pink)
(-23,11,26,pink)
(-23,12,26,red)
(-23,13,26,pink)
(-23,14,26,red)
(-23,15,26,pink)
(-23,16,26,red)
(-23,17,26,red)
(-27,0,49,blue)
(-27,1,49,blue)
(-27,2,49,red)
(-27,3,49,red)
(-27,4,49,red)
(-27,5,49,yellow)
(-27,6,49,yellow)
(-27,7,49,pink)
(-27,8,49,yellow)
(-27,9,49,red)
(-27,10,49,yellow)
(-27,11,49,red)
(-27,12,49,yellow)
(-27,13,49,blue)
(-27,14,49,pink)
(-27,15,49,red)
(-27,16,49,pink)
(-27,17,49,blue)
(-27,18,49,pink)
(-27,19,49,yellow)
(-27,20,49,yellow)
(-27,21,49,red)
(-27,22,49,yellow)
(-27,23,49,yellow)
(-27,24,49,pink)
(-27,25,49,yellow)
(-27,26,49,yellow)
(-27,27,49,yellow)
(-27,28,49,blue)
(-27,29,49,blue)
(-27,30,49,red)
(-27,31,49,pink)
(-27,32,49,red)
(-27,33,49,pink)
(-27,34,49,red)
(-27,35,49,blue)
(-27,36,49,yellow)
(-27,37,49,yellow)
(-27,38,49,pink)
(-27,39,49,pink)
(-27,40,49,blue)
(-27,41,49,yellow)
(-27,42,49,yellow)
(-27,43,49,blue)
(-27,44,49,pink)
(-27,45,49,red)
(1,0,36,yellow)
(1,1,36,pink)
(1,2,36,yellow)
(1,3,36,blue)
(1,4,36,blue)
(1,5,36,yellow)
(1,6,36,pink)
(1,7,36,blue)
(28,0,-14,blue)
(28,1,-14,blue)
(28,2,-14,yellow)
(28,3,-14,pink)
(28,4,-14,yellow)
(28,5,-14,pink)
(28,6,-14,red)
(28,7,-14,pink)
(28,8,-14,blue)
(28,9,-14,yellow)
(28,10,-14,blue)
(28,11,-14,blue)
(28,12,-14,blue)
(28,13,-14,yellow)
(28,14,-14,yellow)
(28,15,-14,yellow)
(28,16,-14,blue)
(47,0,20,pink)
(47,1,20,pink)
(47,2,20,yellow)
(47,3,20,yellow)
(47,4,20,pink)
(47,5,20,red)
(47,6,20,pink)
(47,7,20,blue)
(47,8,20,blue)
(47,9,20,red)
(47,10,20,pink)
(47,11,20,pink)
(47,12,20,yellow)
(47,13,20,blue)
(47,14,20,red)
(47,15,20,yellow)
(47,16,20,yellow)
(47,17,20,blue)
(47,18,20,pink)
(47,19,20,pink)
(47,20,20,blue)
(47,21,20,yellow)
(47,22,20,blue)
(47,23,20,red)
(47,24,20,yellow)
(47,25,20,yellow)
(47,26,20,red)
(47,27,20,yellow)
(47,28,20,red)
(47,29,20,red)
(47,30,20,yellow)
(47,31,20,red)
(47,32,20,red)
(47,33,20,red)
(47,34,20,blue)
(47,35,20,blue)
(47,36,20,yellow)
(47,37,20,blue)
(47,38,20,yellow)
(47,39,20,red)
(47,40,20,blue)
(-42,0,-5,yellow)
(-42,1,-5,pink)
(-42,2,-5,yellow)
(-42,3,-5,red)
(-42,4,-5,blue)
(-42,5,-5,blue)
(-42,6,-5,pink)
(-42,7,-5,yellow)
(-42,8,-5,blue)
(-42,9,-5,red)
(-42,10,-5,red)
(-42,11,-5,pink)
(-42,12,-5,red)
(-42,13,-5,blue)
(-42,14,-5,pink)
(-42,15,-5,red)
(-42,16,-5,blue)
(-42,17,-5,pink)
(-42,18,-5,yellow)
(-42,19,-5,red)
(-42,20,-5,red)
(-42,21,-5,yellow)
(-3,0,-5,yellow)
(-3,1,-5,yellow)
(-3,2,-5,pink)
(-3,3,-5,red)
(-3,4,-5,red)
(-3,5,-5,blue)
(-3,6,-5,blue)
(-3,7,-5,yellow)
(-3,8,-5,blue)
(-3,9,-5,red)
(-3,10,-5,pink)
(-3,11,-5,yellow)
(-3,12,-5,blue)
(-3,13,-5,pink)
(-3,14,-5,red)
(-3,15,-5,yellow)
(-3,16,-5,yellow)
(-3,17,-5,yellow)
(-3,18,-5,red)
(-3,19,-5,yellow)
(-3,20,-5,pink)
(-3,21,-5,red)
(-3,22,-5,blue)
(-3,23,-5,red)
(-3,24,-5,yellow)
(-3,25,-5,blue)
(-3,26,-5,pink)
(-3,27,-5,pink)
(-3,28,-5,red)
(-3,29,-5,yellow)
(-3,30,-5,blue)
(-1,0,-20,red)
(-1,1,-20,blue)
(-1,2,-20,red)
(-1,3,-20,pink)
(-1,4,-20,blue)
(-1,5,-20,blue)
(-1,6,-20,blue)
(-1,7,-20,blue)
(-1,8,-20,blue)
(11,0,-19,blue)
(11,1,-19,pink)
(11,2,-19,yellow)
(11,3,-19,blue)
(11,4,-19,yellow)
(11,5,-19,pink)
(11,6,-19,blue)
(11,7,-19,pink)
(11,8,-19,yellow)
(11,9,-19,pink)
(11,10,-19,yellow)
(11,11,-19,red)
(11,12,-19,pink)
(11,13,-19,yellow)
(11,14,-19,pink)
(11,15,-19,pink)
(11,16,-19,blue)
(11,17,-19,pink)
(11,18,-19,blue)
(11,19,-19,pink)
(11,20,-19,pink)
(11,21,-19,pink)
(30,0,-48,yellow)
(30,1,-48,yellow)
(30,2,-48,pink)
(30,3,-48,yellow)
(30,4,-48,blue)
(30,5,-48,red)
(30,6,-48,pink)
(30,7,-48,blue)
(30,8,-48,blue)
(30,9,-48,blue)
(30,10,-48,pink)
(30,11,-48,pink)
(30,12,-48,pink)
(30,13,-48,blue)
(30,14,-48,yellow)
(30,15,-48,red)
(30,16,-48,red)
(30,17,-48,blue)
(30,18,-48,pink)
(30,19,-48,blue)
(30,20,-48,blue)
(30,21,-48,pink)
(30,22,-48,blue)
(30,23,-48,blue)
(30,24,-48,pink)
(30,25,-48,red)
(30,26,-48,pink)
(30,27,-48,red)
(30,28,-48,red)
(30,29,-48,yellow)
(30,30,-48,red)
(30,31,-48,pink)
(30,32,-48,blue)
(30,33,-48,pink)
(30,34,-48,yellow)
(30,35,-48,blue)
(30,36,-48,blue)
(30,37,-48,blue)
(30,38,-48,pink)
(30,39,-48,red)
(-5,0,-5,pink)
(-5,1,-5,blue)
(-5,2,-5,yellow)
(-5,3,-5,red)
(-5,4,-5,red)
(-5,5,-5,pink)
(-5,6,-5,pink)
(-5,7,-5,pink)
(-5,8,-5,blue)
(-5,9,-5,blue)
(-5,10,-5,blue)
(-5,11,-5,pink)
(-5,12,-5,red)
(-5,13,-5,yellow)
(-5,14,-5,blue)
(-5,15,-5,yellow)
(-5,16,-5,yellow)
(-5,17,-5,pink)
(-5,18,-5,pink)
(-5,19,-5,yellow)
(-5,20,-5,blue)
(-5,21,-5,pink)
(-5,22,-5,blue)
(-5,23,-5,red)
(-5,24,-5,yellow)
(-5,25,-5,pink)
(-5,26,-5,red)
(-5,27,-5,pink)
(-5,28,-5,blue)
(-5,29,-5,yellow)
(-5,30,-5,pink)
(16,0,-29,red)
(16,1,-29,yellow)
(16,2,-29,yellow)
(16,3,-29,red)
(16,4,-29,red)
(16,5,-29,red)
(16,6,-29,yellow)
(16,7,-29,blue)
(-24,0,34,yellow)
(-24,1,34,pink)
(-24,2,34,pink)
(-24,3,34,blue)
(-24,4,34,red)
(-24,5,34,pink)
(-24,6,34,yellow)
(-24,7,34,red)
(-24,8,34,pink)
(-24,9,34,yellow)
(-24,10,34,blue)
(-24,11,34,red)
(-24,12,34,blue)
(-24,13,34,pink)
(-24,14,34,blue)
(-24,15,34,blue)
(-24,16,34,red)
(-24,17,34,yellow)
(-24,18,34,red)
(-24,19,34,red)
(-24,20,34,pink)
(-24,21,34,red)
(-24,22,34,blue)
(-24,23,34,yellow)
(-24,24,34,red)
(-24,25,34,pink)
(-24,26,34,blue)
(-24,27,34,pink)
(-24,28,34,yellow)
(-24,29,34,pink)
(-24,30,34,red)
(-24,31,34,pink)
(-24,32,34,pink)
(-24,33,34,red)
(-24,34,34,pink)
(-24,35,34,yellow)
(-24,36,34,pink)
(-24,37,34,yellow)
(-24,38,34,red)
(-24,39,34,yellow)
(-24,40,34,yellow)
(-24,41,34,pink)
(-24,42,34,pink)
(-24,43,34,red)
(-24,44,34,blue)
(-24,45,34,red)
(-24,46,34,red)
(21,0,20,pink)
(21,1,20,yellow)
(21,2,20,blue)
(21,3,20,red)
(21,4,20,blue)
(21,5,20,red)
(21,6,20,red)
(21,7,20,red)
(21,8,20,pink)
(21,9,20,yellow)
(21,10,20,blue)
(21,11,20,red)
(21,12,20,blue)
(21,13,20,yellow)
(21,14,20,red)
(21,15,20,pink)
(21,16,20,blue)
(21,17,20,blue)
(21,18,20,pink)
(21,19,20,red)
(21,20,20,red)
(21,21,20,yellow)
(21,22,20,blue)
(21,23,20,blue)
(21,24,20,blue)
(21,25,20,blue)
(21,26,20,pink)
(21,27,20,pink)
(-28,0,-29,pink)
(-28,1,-29,yellow)
(-28,2,-29,yellow)
(-28,3,-29,yellow)
(-28,4,-29,red)
(-28,5,-29,pink)
(-28,6,-29,red)
(-28,7,-29,red)
(-28,8,-29,red)
(-28,9,-29,red)
(-28,10,-29,red)
(-28,11,-29,yellow)
(-28,12,-29,yellow)
(-28,13,-29,yellow)
(-28,14,-29,yellow)
(-28,15,-29,red)
(-28,16,-29,blue)
(-28,17,-29,blue)
(-28,18,-29,pink)
(-28,19,-29,blue)
(-28,20,-29,red)
(-28,21,-29,red)
(-28,22,-29,pink)
(-28,23,-29,red)
(-28,24,-29,blue)
(-28,25,-29,pink)
(-28,26,-29,red)
(-28,27,-29,red)
(-28,28,-29,yellow)
(-28,29,-29,red)
(-28,30,-29,blue)
(-28,31,-29,red)
(-28,32,-29,yellow)
(-28,33,-29,yellow)
(-28,34,-29,yellow)
(-28,35,-29,yellow)
(-28,36,-29,red)
(-28,37,-29,blue)
(-28,38,-29,blue)
(-28,39,-29,blue)
(-28,40,-29,yellow)
(-28,41,-29,pink)
(-27,0,-27,yellow)
(-27,1,-27,pink)
(-27,2,-27,red)
(-27,3,-27,pink)
(16,0,-48,blue)
(16,1,-48,blue)
(16,2,-48,blue)
(16,3,-48,red)
(16,4,-48,blue)
(16,5,-48,blue)
(16,6,-48,pink)
(16,7,-48,yellow)
(16,8,-48,blue)
(16,9,-48,blue)
(16,10,-48,yellow)
(16,11,-48,red)
(16,12,-48,blue)
(16,13,-48,pink)
(16,14,-48,red)
(16,15,-48,yellow)
(16,16,-48,blue)
(-17,0,16,yellow)
(-17,1,16,red)
(-17,2,16,blue)
(-17,3,16,blue)
(-17,4,16,red)
(-37,0,10,red)
(-37,1,10,red)
(-37,2,10,red)
(-37,3,10,blue)
(-37,4,10,pink)
(-37,5,10,blue)
(-37,6,10,yellow)
(-37,7,10,yellow)
(-37,8,10,red)
(-37,9,10,yellow)
(-37,10,10,pink)
(-37,11,10,pink)
(-37,12,10,pink)
(-37,13,10,red)
(-37,14,10,blue)
(-37,15,10,pink)
(-37,16,10,yellow)
(-37,17,10,blue)
(-37,18,10,yellow)
(-37,19,10,pink)
(-37,20,10,red)
(-37,21,10,pink)
(-37,22,10,yellow)
(-37,23,10,red)
(-37,24,10,yellow)
(-37,25,10,red)
(-37,26,10,pink)
(-37,27,10,blue)
(-37,28,10,yellow)
(-37,29,10,blue)
(-37,30,10,red)
(-37,31,10,blue)
(-37,32,10,pink)
(-37,33,10,pink)
(-37,34,10,pink)
(-37,35,10,red)
(-37,36,10,blue)
(-37,37,10,yellow)
(-37,38,10,blue)
(-37,39,10,blue)
(-37,40,10,yellow)
(-37,41,10,blue)
(-37,42,10,blue)
(-17,0,1,pink)
(-17,1,1,blue)
(-17,2,1,red)
(-17,3,1,yellow)
(-17,4,1,pink)
(-17,5,1,blue)
(-17,6,1,blue)
(-17,7,1,blue)
(-17,8,1,blue)
(-17,9,1,blue)
(-17,10,1,yellow)
(-17,11,1,red)
(-17,12,1,yellow)
(-17,13,1,blue)
(-17,14,1,pink)
(-17,15,1,pink)
(-17,16,1,red)
(-17,17,1,blue)
(-17,18,1,yellow)
(-17,19,1,red)
(-17,20,1,blue)
(-17,21,1,pink)
(-17,22,1,yellow)
(-17,23,1,pink)
(-17,24,1,blue)
(-17,25,1,pink)
(-17,26,1,yellow)
(-17,27,1,blue)
(-17,28,1,yellow)
(-17,29,1,yellow)
(-17,30,1,red)
(-17,31,1,blue)
(-17,32,1,pink)
(-17,33,1,red)
(-17,34,1,pink)
(-17,35,1,blue)
(-17,36,1,yellow)
(-17,37,1,yellow)
(-6,0,0,pink)
(-6,1,0,red)
(-6,2,0,red)
(-6,3,0,yellow)
(-6,4,0,blue)
(-6,5,0,yellow)
(-6,6,0,pink)
(-6,7,0,blue)
(-6,8,0,red)
(-6,9,0,yellow)
(-6,10,0,blue)
(-6,11,0,blue)
(-6,12,0,red)
(-6,13,0,pink)
(-6,14,0,yellow)
(-6,15,0,red)
(-6,16,0,yellow)
(-6,17,0,red)
(-6,18,0,pink)
(-6,19,0,yellow)
(-6,20,0,red)
(-6,21,0,pink)
(-6,22,0,yellow)
(-6,23,0,yellow)
(-6,24,0,yellow)
(-6,25,0,red)
(-6,26,0,pink)
(-6,27,0,red)
(-6,28,0,red)
(-6,29,0,blue)
(-6,30,0,red)
(-6,31,0,pink)
(-6,32,0,pink)
(-6,33,0,red)
(-6,34,0,blue)
(-6,35,0,blue)
(24,0,-30,red)
(24,1,-30,yellow)
(24,2,-30,blue)
(24,3,-30,yellow)
(24,4,-30,red)
(24,5,-30,pink)
(24,6,-30,yellow)
(24,7,-30,red)
(24,8,-30,yellow)
(24,9,-30,pink)
(24,10,-30,blue)
(24,11,-30,blue)
(24,12,-30,red)
(24,13,-30,blue)
(24,14,-30,pink)
(24,15,-30,blue)
(24,16,-30,pink)
(24,17,-30,blue)
(24,18,-30,pink)
(24,19,-30,blue)
(24,20,-30,red)
(24,21,-30,yellow)
(24,22,-30,blue)
(24,23,-30,yellow)
(24,24,-30,yellow)
(24,25,-30,red)
(24,26,-30,pink)
(24,27,-30,blue)
(24,28,-30,blue)
(24,29,-30,red)
(24,30,-30,blue)
(24,31,-30,red)
(24,32,-30,yellow)
(24,33,-30,yellow)
(24,34,-30,red)
(24,35,-30,yellow)
(24,36,-30,yellow)
(24,37,-30,yellow)
(24,38,-30,red)
(24,39,-30,pink)
(24,40,-30,blue)
(24,41,-30,blue)
(-27,0,24,yellow)
(-27,1,24,red)
(-27,2,24,red)
(-27,3,24,pink)
(-27,4,24,red)
(-27,5,24,blue)
(-27,6,24,yellow)
(-27,7,24,pink)
(-27,8,24,red)
(-27,9,24,red)
(-27,10,24,pink)
(-27,11,24,red)
(-27,12,24,yellow)
(-27,13,24,red)
(-27,14,24,red)
(-27,15,24,blue)
(-27,16,24,blue)
(-27,17,24,red)
(-27,18,24,red)
(-27,19,24,pink)
(-27,20,24,yellow)
(-27,21,24,red)
(-27,22,24,blue)
(-27,23,24,yellow)
(-27,24,24,red)
(-27,25,24,yellow)
(-27,26,24,yellow)
(-27,27,24,yellow)
(-27,28,24,pink)
(-27,29,24,yellow)
(-27,30,24,yellow)
(-27,31,24,yellow)
(-27,32,24,pink)
(-27,33,24,yellow)
(-27,34,24,red)
(30,0,19,blue)
(30,1,19,yellow)
(30,2,19,red)
(30,3,19,pink)
(30,4,19,yellow)
(30,5,19,pink)
(30,6,19,red)
(30,7,19,yellow)
(30,8,19,blue)
(30,9,19,blue)
(30,10,19,pink)
(30,11,19,pink)
(30,12,19,yellow)
(30,13,19,yellow)
(30,14,19,yellow)
(30,15,19,pink)
(30,16,19,pink)
(30,17,19,yellow)
(30,18,19,pink)
(30,19,19,blue)
(30,20,19,yellow)
(30,21,19,blue)
(30,22,19,blue)
(30,23,19,red)
(30,24,19,pink)
(30,25,19,red)
(30,26,19,red)
(30,27,19,yellow)
(45,0,-4,blue)
(45,1,-4,red)
(45,2,-4,pink)
(45,3,-4,pink)
(45,4,-4,yellow)
(45,5,-4,pink)
(45,6,-4,red)
(45,7,-4,red)
(45,8,-4,blue)
(0,0,7,blue)
(0,1,7,blue)
(0,2,7,red)
(0,3,7,red)
(0,4,7,pink)
(0,5,7,red)
(0,6,7,yellow)
(0,7,7,yellow)
(0,8,7,red)
(0,9,7,red)
(0,10,7,pink)
(0,11,7,blue)
(0,12,7,yellow)
(0,13,7,red)
(0,14,7,yellow)
(0,15,7,pink)
(0,16,7,yellow)
(0,17,7,blue)
(0,18,7,blue)
(0,19,7,blue)
(0,20,7,pink)
(0,21,7,yellow)
(0,22,7,red)
(0,23,7,red)
(0,24,7,blue)
(0,25,7,pink)
(0,26,7,pink)
(0,27,7,yellow)
(0,28,7,pink)
(0,29,7,red)
(0,30,7,yellow)
(0,31,7,yellow)
(0,32,7,red)
(0,33,7,blue)
(0,34,7,yellow)
(0,35,7,yellow)
(0,36,7,red)
(0,37,7,red)
(0,38,7,red)
(0,39,7,yellow)
(0,40,7,blue)
(0,41,7,red)
(0,42,7,pink)
(0,43,7,pink)
(0,44,7,pink)
(0,45,7,blue)
(8,0,18,pink)
(8,1,18,blue)
(8,2,18,blue)
(8,3,18,pink)
(8,4,18,yellow)
(8,5,18,pink)
(8,6,18,blue)
(8,7,18,blue)
(8,8,18,yellow)
(8,9,18,red)
(8,10,18,blue)
(8,11,18,yellow)
(8,12,18,blue)
(8,13,18,blue)
(8,14,18,pink)
(-46,0,10,yellow)
(-46,1,10,blue)
(-46,2,10,red)
(-46,3,10,pink)
(-46,4,10,red)
(-46,5,10,red)
(-46,6,10,yellow)
(-46,7,10,red)
(-46,8,10,yellow)
(-46,9,10,pink)
(-46,10,10,pink)
(-46,11,10,yellow)
(-46,12,10,yellow)
(-46,13,10,yellow)
(-46,14,10,yellow)
(-46,15,10,blue)
(-46,16,10,blue)
(-46,17,10,pink)
(-46,18,10,yellow)
(-46,19,10,pink)
(-46,20,10,yellow)
(-46,21,10,blue)
(-46,22,10,blue)
(-46,23,10,red)
(-46,24,10,pink)
(-46,25,10,blue)
(-46,26,10,pink)
(-46,27,10,blue)
(-46,28,10,pink)
(-46,29,10,blue)
(-46,30,10,pink)
(-46,31,10,yellow)
(-46,32,10,red)
(-46,33,10,red)
(-46,34,10,red)
(-46,35,10,blue)
(-46,36,10,pink)
(-46,37,10,yellow)
(-46,38,10,blue)
(-46,39,10,red)
(-46,40,10,blue)
(-46,41,10,red)
(-46,42,10,red)
(-46,43,10,red)
(-3,0,-5,red)
(-3,1,-5,red)
(-3,2,-5,yellow)
(-3,3,-5,pink)
(-3,4,-5,pink)
(-3,5,-5,yellow)
(-3,6,-5,yellow)
(-3,7,-5,pink)
(-3,8,-5,yellow)
(-3,9,-5,pink)
(-3,10,-5,yellow)
(-3,11,-5,pink)
(-3,12,-5,yellow)
(-3,13,-5,red)
(-3,14,-5,pink)
(-3,15,-5,pink)
(-3,16,-5,yellow)
(-3,17,-5,pink)
(-3,18,-5,yellow)
(37,0,-34,blue)
(37,1,-34,yellow)
(37,2,-34,red)
(37,3,-34,yellow)
(37,4,-34,pink)
(37,5,-34,pink)
(37,6,-34,blue)
(37,7,-34,red)
(37,8,-34,red)
(37,9,-34,blue)
(37,10,-34,red)
(37,11,-34,red)
(37,12,-34,pink)
(37,13,-34,pink)
(37,14,-34,blue)
(37,15,-34,blue)
(37,16,-34,yellow)
(37,17,-34,red)
(37,18,-34,red)
(37,19,-34,pink)
(37,20,-34,blue)
(37,21,-34,yellow)
(37,22,-34,yellow)
(37,23,-34,blue)
(37,24,-34,pink)
(37,25,-34,yellow)
(37,26,-34,red)
(37,27,-34,blue)
(37,28,-34,red)
(37,29,-34,red)
(37,30,-34,yellow)
(37,31,-34,yellow)
(37,32,-34,red)
(37,33,-34,blue)
(37,34,-34,pink)
(37,35,-34,blue)
(37,36,-34,blue)
(37,37,-34,pink)
(37,38,-34,pink)
(37,39,-34,red)
(37,40,-34,red)
(37,41,-34,red)
(37,42,-34,yellow)
(37,43,-34,blue)
(37,44,-34,blue)
(37,45,-34,blue)
(37,46,-34,red)
(30,0,37,pink)
(30,1,37,red)
(30,2,37,blue)
(30,3,37,pink)
(30,4,37,yellow)
(30,5,37,yellow)
(30,6,37,blue)
(30,7,37,yellow)
(30,8,37,blue)
(30,9,37,yellow)
(30,10,37,blue)
(30,11,37,red)
(30,12,37,pink)
(30,13,37,pink)
(30,14,37,yellow)
(30,15,37,red)
(-46,0,24,red)
(-46,1,24,yellow)
(-46,2,24,blue)
(-46,3,24,red)
(-46,4,24,pink)
(-46,5,24,yellow)
(-46,6,24,red)
(-46,7,24,pink)
(-46,8,24,yellow)
(-46,9,24,yellow)
(-46,10,24,blue)
(-46,11,24,red)
(-46,12,24,red)
(-46,13,24,blue)
(-46,14,24,blue)
(-46,15,24,blue)
(5,0,22,pink)
(5,1,22,yellow)
(5,2,22,pink)
(5,3,22,yellow)
(5,4,22,pink)
(5,5,22,pink)
(5,6,22,blue)
(5,7,22,blue)
(5,8,22,pink)
(5,9,22,yellow)
(5,10,22,blue)
(5,11,22,blue)
(15,0,23,red)
(15,1,23,yellow)
(15,2,23,blue)
(15,3,23,pink)
(15,4,23,blue)
(15,5,23,yellow)
(15,6,23,blue)
(15,7,23,pink)
(15,8,23,red)
(15,9,23,blue)
(15,10,23,blue)
(15,11,23,red)
(15,12,23,red)
(15,13,23,blue)
(15,14,23,yellow)
(15,15,23,pink)
(15,16,23,yellow)
(15,17,23,blue)
(15,18,23,blue)
(15,19,23,yellow)
(15,20,23,pink)
(15,21,23,pink)
(15,22,23,red)
(15,23,23,yellow)
(15,24,23,yellow)
(15,0,-49,pink)
(15,1,-49,pink)
(15,2,-49,red)
(15,3,-49,yellow)
(15,4,-49,blue)
(15,5,-49,red)
(15,6,-49,red)
(15,7,-49,blue)
(15,8,-49,blue)
(15,9,-49,red)
(15,10,-49,yellow)
(15,11,-49,pink)
(15,12,-49,pink)
(15,13,-49,red)
(15,14,-49,yellow)
(15,15,-49,red)
(15,16,-49,red)
(15,17,-49,pink)
(15,18,-49,yellow)
(15,19,-49,red)
(15,20,-49,yellow)
(15,21,-49,red)
(15,22,-49,yellow)
(15,23,-49,yellow)
(15,24,-49,yellow)
(15,25,-49,yellow)
(15,26,-49,red)
(15,27,-49,pink)
(15,28,-49,pink)
(15,29,-49,red)
(15,30,-49,blue)
(15,31,-49,yellow)
(15,32,-49,yellow)
(-15,0,-39,blue)
(-15,1,-39,yellow)
(-15,2,-39,pink)
(-15,3,-39,blue)
(-15,4,-39,blue)
(-15,5,-39,pink)
(-15,6,-39,red)
(-15,7,-39,yellow)
(-15,8,-39,blue)
(-15,9,-39,blue)
(-15,10,-39,yellow)
(-15,11,-39,yellow)
(-36,0,6,pink)
(-36,1,6,red)
(-36,2,6,yellow)
(-36,3,6,blue)
(-36,4,6,yellow)
(-36,5,6,blue)
(-36,6,6,pink)
(-36,7,6,red)
(-36,8,6,yellow)
(-36,9,6,yellow)
(-36,10,6,pink)
(-36,11,6,red)
(-36,12,6,red)
(-36,13,6,blue)
(-36,14,6,yellow)
(-36,15,6,red)
(-36,16,6,pink)
(-36,17,6,blue)
(-36,18,6,yellow)
(-36,19,6,blue)
(-36,20,6,pink)
(-36,21,6,pink)
(-36,22,6,yellow)
(-36,23,6,blue)
(30,0,16,red)
(30,1,16,red)
(30,2,16,pink)
(30,3,16,pink)
(30,4,16,red)
(30,5,16,blue)
(30,6,16,red)
(30,7,16,pink)
(30,8,16,yellow)
(30,9,16,red)
(30,10,16,blue)
(30,11,16,blue)
(30,12,16,pink)
(30,13,16,yellow)
(30,14,16,red)
(30,15,16,blue)
(30,16,16,red)
(30,17,16,blue)
(30,18,16,red)
(30,19,16,red)
(30,20,16,pink)
(30,21,16,pink)
(30,22,16,red)
(16,0,-25,yellow)
(16,1,-25,red)
(16,2,-25,blue)
(16,3,-25,red)
(16,4,-25,yellow)
(16,5,-25,blue)
(16,6,-25,pink)
(16,7,-25,red)
(16,8,-25,yellow)
(16,9,-25,blue)
(16,10,-25,blue)
(16,11,-25,red)
(16,12,-25,blue)
(16,13,-25,red)
(16,14,-25,red)
(16,15,-25,pink)
(16,16,-25,blue)
(16,17,-25,blue)
(16,18,-25,blue)
(16,19,-25,yellow)
(16,20,-25,red)
(16,21,-25,yellow)
(16,22,-25,blue)
(16,23,-25,yellow)
(16,24,-25,blue)
(16,25,-25,red)
(16,26,-25,yellow)
(16,27,-25,red)
(16,28,-25,red)
(16,29,-25,blue)
(16,30,-25,red)
(16,31,-25,yellow)
(16,32,-25,blue)
(16,33,-25,blue)
(16,34,-25,red)
(16,35,-25,yellow)
(16,36,-25,pink)
(16,37,-25,red)
(16,38,-25,pink)
(16,39,-25,pink)
(16,40,-25,yellow)
(16,41,-25,blue)
(16,42,-25,pink)
