(49,0,1,blue)
(49,1,1,red)
(49,2,1,red)
(49,3,1,yellow)
(49,4,1,yellow)
(49,5,1,blue)
(49,6,1,yellow)
(49,7,1,blue)
(49,8,1,blue)
(49,9,1,red)
(49,10,1,pink)
(49,11,1,pink)
(49,12,1,pink)
(49,13,1,blue)
(49,14,1,yellow)
(49,15,1,blue)
(49,16,1,pink)
(49,17,1,pink)
(-48,0,-1,red)
(-48,1,-1,pink)
(-48,2,-1,red)
(-48,3,-1,pink)
(-48,4,-1,blue)
(-48,5,-1,yellow)
(-48,6,-1,red)
(-48,7,-1,blue)
(-48,8,-1,red)
(-48,9,-1,red)
(-48,10,-1,red)
(-48,11,-1,pink)
(-48,12,-1,blue)
(-48,13,-1,red)
(-48,14,-1,pink)
(-48,15,-1,blue)
(-48,16,-1,blue)
(-48,17,-1,red)
(-48,18,-1,blue)
(-48,19,-1,blue)
(-48,20,-1,yellow)
(-48,21,-1,yellow)
(-48,22,-1,pink)
(-48,23,-1,red)
(-48,24,-1,yellow)
(-48,25,-1,blue)
(-19,0,20,blue)
(-19,1,20,pink)
(-19,2,20,red)
(-19,3,20,red)
(-19,4,20,pink)
(-19,5,20,blue)
(-19,6,20,pink)
(-19,7,20,red)
(-19,8,20,yellow)
(-19,9,20,red)
(-19,10,20,blue)
(-19,11,20,red)
(-19,12,20,red)
(-19,13,20,red)
(-19,14,20,yellow)
(-19,15,20,yellow)
(28,0,-21,red)
(28,1,-21,pink)
(28,2,-21,blue)
(28,3,-21,red)
(28,4,-21,yellow)
(28,5,-21,pink)
(28,6,-21,red)
(28,7,-21,blue)
(28,8,-21,pink)
(28,9,-21,yellow)
(28,10,-21,pink)
(28,11,-21,pink)
(28,12,-21,pink)
(28,13,-21,blue)
(28,14,-21,red)
(28,15,-21,red)
(28,16,-21,blue)
(28,17,-21,red)
(28,18,-21,blue)
(28,19,-21,pink)
(28,20,-21,blue)
(28,21,-21,yellow)
(28,22,-21,yellow)
(28,23,-21,pink)
(28,24,-21,red)
(28,25,-21,yellow)
(28,26,-21,blue)
(28,27,-21,blue)
(28,28,-21,yellow)
(28,29,-21,red)
(28,30,-21,blue)
(28,31,-21,pink)
(28,32,-21,red)
(28,33,-21,red)
(28,34,-21,pink)
(-43,0,10,pink)
(-43,1,10,red)
(-43,2,10,blue)
(-43,3,10,red)
(-43,4,10,red)
(-43,5,10,red)
(-43,6,10,pink)
(-43,7,10,pink)
(-43,8,10,blue)
(-43,9,10,yellow)
(-43,10,10,red)
(-43,11,10,blue)
(-43,12,10,pink)
(-20,0,-10,pink)
(-20,1,-10,blue)
(-20,2,-10,yellow)
(-20,3,-10,red)
(-20,4,-10,red)
(-20,5,-10,pink)
(-20,6,-10,red)
(-20,7,-10,yellow)
(-20,8,-10,yellow)
(-20,9,-10,pink)
(-20,10,-10,red)
(-20,11,-10,yellow)
(-20,12,-10,red)
(-20,13,-10,red)
(-20,14,-10,red)
(-20,15,-10,pink)
(-20,16,-10,pink)
(-20,17,-10,blue)
(-20,18,-10,yellow)
(-20,19,-10,blue)
(-20,20,-10,red)
(-20,21,-10,red)
(-20,22,-10,red)
(-20,23,-10,red)
(-20,24,-10,yellow)
(-20,25,-10,red)
(-20,26,-10,pink)
(-20,27,-10,blue)
(-20,28,-10,yellow)
(-20,29,-10,red)
(-20,30,-10,yellow)
(-20,31,-10,blue)
(-20,32,-10,yellow)
(-20,33,-10,pink)
(-20,34,-10,red)
(-20,35,-10,red)
(-20,36,-10,blue)
(4,0,8,red)
(4,1,8,yellow)
(4,2,8,pink)
(4,3,8,pink)
(4,4,8,blue)
(4,5,8,blue)
(4,6,8,red)
(4,7,8,blue)
(4,8,8,yellow)
(4,9,8,yellow)
(4,10,8,red)
(4,11,8,yellow)
(4,12,8,blue)
(4,13,8,blue)
(4,14,8,yellow)
(4,15,8,pink)
(4,16,8,red)
(4,17,8,yellow)
(4,18,8,yellow)
(4,19,8,yellow)
(4,20,8,yellow)
(4,21,8,blue)
(4,22,8,pink)
(4,23,8,red)
(4,24,8,blue)
(4,25,8,yellow)
(4,26,8,blue)
(4,27,8,pink)
(4,28,8,yellow)
(4,29,8,pink)
(4,30,8,red)
(4,31,8,blue)
(4,32,8,blue)
(4,33,8,pink)
(4,34,8,blue)
(4,35,8,red)
(11,0,13,pink)
(11,1,13,pink)
(11,2,13,red)
(11,3,13,red)
(11,4,13,yellow)
(11,5,13,red)
(11,6,13,yellow)
(11,7,13,blue)
(-12,0,25,pink)
(-12,1,25,red)
(-12,2,25,blue)
(-12,3,25,pink)
(-12,4,25,pink)
(-12,5,25,yellow)
(-12,6,25,red)
(-12,7,25,red)
(-12,8,25,red)
(-12,9,25,blue)
(-12,10,25,red)
(-12,11,25,blue)
(-12,12,25,pink)
(-12,13,25,yellow)
(39,0,49,red)
(39,1,49,pink)
(39,2,49,pink)
(39,3,49,pink)
(39,4,49,blue)
(39,5,49,pink)
(39,6,49,yellow)
(39,7,49,yellow)
(39,8,49,yellow)
(39,9,49,yellow)
(39,10,49,blue)
(39,11,49,blue)
(39,12,49,red)
(39,13,49,red)
(39,14,49,pink)
(39,15,49,blue)
(39,16,49,red)
(39,17,49,pink)
(39,18,49,yellow)
(39,19,49,red)
(39,20,49,yellow)
(39,21,49,yellow)
(39,22,49,pink)
(-8,0,-3,yellow)
(-8,1,-3,pink)
(-8,2,-3,blue)
(-8,3,-3,pink)
(-8,4,-3,red)
(-8,5,-3,yellow)
(-8,6,-3,blue)
(-8,7,-3,blue)
(-8,8,-3,yellow)
(-8,9,-3,pink)
(-8,10,-3,yellow)
(-8,11,-3,blue)
(-8,12,-3,yellow)
(-8,13,-3,red)
(-8,14,-3,blue)
(-8,15,-3,pink)
(-8,16,-3,pink)
(-8,17,-3,red)
(-8,18,-3,red)
(-8,19,-3,yellow)
(-8,20,-3,yellow)
(-8,21,-3,yellow)
(-8,22,-3,pink)
(-8,23,-3,pink)
(-8,24,-3,blue)
(-8,25,-3,red)
(-8,26,-3,blue)
(-8,27,-3,blue)
(-2,0,-8,red)
(-2,1,-8,yellow)
(-40,0,19,red)
(-40,1,19,pink)
(-40,2,19,red)
(-40,3,19,red)
(-40,4,19,yellow)
(-40,5,19,pink)
(-40,6,19,blue)
(-40,7,19,blue)
(-40,8,19,blue)
(-40,9,19,blue)
(-40,10,19,red)
(-40,11,19,yellow)
(-40,12,19,red)
(-40,13,19,pink)
(-40,14,19,pink)
(-40,15,19,yellow)
(-40,16,19,yellow)
(-40,17,19,red)
(-40,18,19,pink)
(-40,19,19,blue)
(-40,20,19,pink)
(-40,21,19,blue)
(-40,22,19,blue)
(-40,23,19,blue)
(-40,24,19,pink)
(-40,25,19,red)
(-40,26,19,pink)
(-40,27,19,blue)
(-40,28,19,yellow)
(-40,29,19,yellow)
(-40,30,19,pink)
(-40,31,19,red)
(-40,32,19,yellow)
(-40,33,19,blue)
(-40,34,19,yellow)
(-40,35,19,yellow)
(-40,36,19,red)
(-40,37,19,red)
(-40,38,19,pink)
(21,0,14,pink)
(21,1,14,pink)
(21,2,14,yellow)
(21,3,14,yellow)
(21,4,14,blue)
(21,5,14,blue)
(21,6,14,blue)
(21,7,14,red)
(21,8,14,yellow)
(21,9,14,pink)
(21,10,14,yellow)
(21,11,14,pink)
(21,12,14,blue)
(21,13,14,yellow)
(21,14,14,pink)
(21,15,14,red)
(4,0,1,yellow)
(4,1,1,blue)
(4,2,1,pink)
(4,3,1,blue)
(4,4,1,red)
(4,5,1,pink)
(4,6,1,blue)
(4,7,1,pink)
(4,8,1,red)
(4,9,1,pink)
(4,10,1,blue)
(4,11,1,blue)
(4,12,1,pink)
(4,13,1,blue)
(4,14,1,pink)
(33,0,0,blue)
(33,1,0,pink)
(26,0,1,pink)
(26,1,1,pink)
(26,2,1,blue)
(26,3,1,pink)
(26,4,1,blue)
(26,5,1,yellow)
(26,6,1,blue)
(26,7,1,pink)
(26,8,1,red)
(26,9,1,red)
(26,10,1,yellow)
(26,11,1,pink)
(26,12,1,pink)
(26,13,1,pink)
(26,14,1,blue)
(26,15,1,blue)
(26,16,1,pink)
(26,17,1,yellow)
(26,18,1,blue)
(26,19,1,yellow)
(26,20,1,red)
(26,21,1,yellow)
(26,22,1,blue)
(26,23,1,yellow)
(26,24,1,blue)
(26,25,1,blue)
(26,26,1,yellow)
(26,27,1,blue)
(26,28,1,pink)
(26,29,1,blue)
(26,30,1,blue)
(26,31,1,blue)
(26,32,1,blue)
(26,33,1,yellow)
(26,34,1,pink)
(26,35,1,yellow)
(26,36,1,pink)
(26,37,1,yellow)
(26,38,1,red)
(26,39,1,yellow)
(26,40,1,yellow)
(26,41,1,blue)
(26,42,1,red)
(26,43,1,red)
(26,44,1,red)
(47,0,41,blue)
(47,1,41,red)
(47,2,41,pink)
(47,3,41,blue)
(47,4,41,pink)
(47,5,41,pink)
(47,6,41,red)
(47,7,41,red)
(47,8,41,red)
(47,9,41,blue)
(47,10,41,red)
(47,11,41,pink)
(47,12,41,yellow)
(47,13,41,red)
(47,14,41,pink)
(47,15,41,pink)
(47,16,41,blue)
(47,17,41,blue)
(47,18,41,blue)
(12,0,36,red)
(12,1,36,blue)
(12,2,36,yellow)
(12,3,36,red)
(12,4,36,blue)
(12,5,36,red)
(12,6,36,red)
(12,7,36,yellow)
(12,8,36,red)
(12,9,36,pink)
(12,10,36,red)
(12,11,36,yellow)
(12,12,36,blue)
(12,13,36,pink)
(12,14,36,blue)
(12,15,36,blue)
(12,16,36,blue)
(12,17,36,yellow)
(12,18,36,blue)
(12,19,36,yellow)
(12,20,36,pink)
(-43,0,-21,red)
(-43,1,-21,blue)
(-43,2,-21,pink)
(-43,3,-21,pink)
(-43,4,-21,pink)
(-43,5,-21,blue)
(-43,6,-21,pink)
(-43,7,-21,red)
(-43,8,-21,pink)
(-43,9,-21,blue)
(-43,10,-21,yellow)
(-43,11,-21,pink)
(-43,12,-21,red)
(-43,13,-21,pink)
(-43,14,-21,red)
(-43,15,-21,yellow)
(-43,16,-21,red)
(-43,17,-21,pink)
(-43,18,-21,pink)
(-43,19,-21,pink)
(-43,20,-21,pink)
(-43,21,-21,yellow)
(-43,22,-21,pink)
(-43,23,-21,yellow)
(-43,24,-21,blue)
(-43,25,-21,red)
(-43,26,-21,blue)
(-43,27,-21,blue)
(-43,28,-21,pink)
(-43,29,-21,pink)
(-43,30,-21,blue)
(-43,31,-21,red)
(-43,32,-21,red)
(-43,33,-21,pink)
(-43,34,-21,pink)
(-43,35,-21,pink)
(-43,36,-21,red)
(-43,37,-21,red)
(-43,38,-21,red)
(-43,39,-21,pink)
(-43,40,-21,pink)
(-43,41,-21,pink)
(-37,0,11,blue)
(-37,1,11,pink)
(-37,2,11,yellow)
(-37,3,11,blue)
(-37,4,11,yellow)
(-37,5,11,blue)
(-37,6,11,pink)
(-37,7,11,yellow)
(-37,8,11,blue)
(-37,9,11,yellow)
(-37,10,11,pink)
(-37,11,11,red)
(-37,12,11,red)
(-37,13,11,red)
(-37,14,11,yellow)
(-37,15,11,blue)
(-37,16,11,pink)
(-37,17,11,pink)
(-37,18,11,blue)
(-37,19,11,pink)
(-37,20,11,blue)
(-37,21,11,blue)
(-37,22,11,red)
(-37,23,11,blue)
(-37,24,11,red)
(-37,25,11,yellow)
(-37,26,11,yellow)
(-37,27,11,red)
(-37,28,11,yellow)
(3,0,-27,yellow)
(3,1,-27,red)
(3,2,-27,pink)
(3,3,-27,pink)
(3,4,-27,pink)
(3,5,-27,pink)
(3,6,-27,red)
(3,7,-27,red)
(3,8,-27,red)
(3,9,-27,blue)
(3,10,-27,red)
(3,11,-27,yellow)
(3,12,-27,blue)
(3,13,-27,blue)
(3,14,-27,red)
(3,15,-27,red)
(3,16,-27,red)
(3,17,-27,red)
(3,18,-27,blue)
(3,19,-27,yellow)
(3,20,-27,blue)
(3,21,-27,blue)
(3,22,-27,yellow)
(3,23,-27,pink)
(3,24,-27,yellow)
(3,25,-27,yellow)
(3,26,-27,blue)
(3,27,-27,blue)
(3,28,-27,red)
(3,29,-27,pink)
(3,30,-27,pink)
(3,31,-27,blue)
(3,32,-27,pink)
(3,33,-27,yellow)
(3,34,-27,yellow)
(3,35,-27,yellow)
(3,36,-27,pink)
(3,37,-27,pink)
(3,38,-27,pink)
(3,39,-27,pink)
(3,40,-27,yellow)
(3,41,-27,yellow)
(-40,0,-4,red)
(-40,1,-4,pink)
(-40,2,-4,pink)
(-40,3,-4,red)
(-40,4,-4,yellow)
(-40,5,-4,yellow)
(-40,6,-4,red)
(-40,7,-4,blue)
(-40,8,-4,yellow)
(-40,9,-4,red)
(-40,10,-4,pink)
(-40,11,-4,red)
(-40,12,-4,blue)
(-40,13,-4,red)
(-40,14,-4,blue)
(-40,15,-4,red)
(-40,16,-4,blue)
(-40,17,-4,blue)
(-40,18,-4,pink)
(-40,19,-4,blue)
(-40,20,-4,blue)
(-40,21,-4,yellow)
(-40,22,-4,yellow)
(-40,23,-4,yellow)
(-22,0,33,blue)
(-22,1,33,pink)
(-22,2,33,red)
(-22,3,33,pink)
(-22,4,33,yellow)
(-22,5,33,pink)
(-22,6,33,blue)
(-22,7,33,yellow)
(-22,8,33,yellow)
(-22,9,33,yellow)
(-22,10,33,blue)
(-22,11,33,yellow)
(-22,12,33,pink)
(-22,13,33,yellow)
(-22,14,33,blue)
(-22,15,33,blue)
(-22,16,33,pink)
(-22,17,33,blue)
(-22,18,33,blue)
(-22,19,33,yellow)
(-22,20,33,red)
(-22,21,33,red)
(-22,22,33,red)
(-22,23,33,yellow)
(-22,24,33,blue)
(-22,25,33,yellow)
(-22,26,33,pink)
(-22,27,33,blue)
(-22,28,33,red)
(-22,29,33,yellow)
(-22,30,33,yellow)
(-22,31,33,pink)
(-22,32,33,pink)
(-22,33,33,blue)
(-22,34,33,yellow)
(-22,35,33,blue)
(-22,36,33,yellow)
(-22,37,33,yellow)
(-22,38,33,red)
(-22,39,33,red)
(-22,40,33,yellow)
(-22,41,33,yellow)
(-22,42,33,yellow)
(-22,43,33,pink)
(-22,44,33,red)
(-15,0,35,yellow)
(-15,1,35,blue)
(-15,2,35,blue)
(-15,3,35,red)
(-15,4,35,red)
(-15,5,35,pink)
(-15,6,35,blue)
(-15,7,35,blue)
(-15,8,35,pink)
(-15,9,35,pink)
(-15,10,35,red)
(-15,11,35,pink)
(-15,12,35,yellow)
(-15,13,35,yellow)
(-15,14,35,blue)
(-15,15,35,yellow)
(-15,16,35,blue)
(-15,17,35,red)
(-49,0,-44,red)
(-49,1,-44,pink)
(-49,2,-44,pink)
(-49,3,-44,pink)
(-49,4,-44,yellow)
(-49,5,-44,blue)
(-49,6,-44,blue)
(-49,7,-44,red)
(-49,8,-44,blue)
(-49,9,-44,yellow)
(-49,10,-44,yellow)
(-49,11,-44,red)
(-49,12,-44,yellow)
(-49,13,-44,blue)
(-49,14,-44,yellow)
(29,0,-8,blue)
(29,1,-8,yellow)
(29,2,-8,blue)
(29,3,-8,red)
(29,4,-8,blue)
(29,5,-8,yellow)
(29,6,-8,red)
(29,7,-8,red)
(29,8,-8,red)
(29,9,-8,pink)
(29,10,-8,blue)
(29,11,-8,red)
(29,12,-8,red)
(29,13,-8,pink)
(29,14,-8,pink)
(29,15,-8,blue)
(29,16,-8,yellow)
(29,17,-8,red)
(29,18,-8,red)
(29,19,-8,pink)
(29,20,-8,yellow)
(29,21,-8,red)
(29,22,-8,red)
(10,0,-13,red)
(10,1,-13,red)
(10,2,-13,blue)
(10,3,-13,red)
(10,4,-13,blue)
(10,5,-13,blue)
(10,6,-13,red)
(10,7,-13,pink)
(10,8,-13,yellow)
(10,9,-13,pink)
(10,10,-13,blue)
(10,11,-13,yellow)
(10,12,-13,pink)
(10,13,-13,pink)
(10,14,-13,blue)
(10,15,-13,blue)
(10,16,-13,red)
(10,17,-13,red)
(10,18,-13,yellow)
(10,19,-13,pink)
(10,20,-13,red)
(10,21,-13,pink)
(10,22,-13,pink)
(10,23,-13,yellow)
(10,24,-13,pink)
(10,25,-13,yellow)
(10,26,-13,yellow)
(10,27,-13,yellow)
(10,28,-13,blue)
(10,29,-13,red)
(10,30,-13,yellow)
(10,31,-13,yellow)
(10,32,-13,blue)
(10,33,-13,pink)
(10,34,-13,blue)
(10,35,-13,yellow)
(10,36,-13,red)
(10,37,-13,red)
(10,38,-13,pink)
(10,39,-13,yellow)
(10,40,-13,red)
(10,41,-13,pink)
(10,42,-13,red)
(10,43,-13,pink)
(10,44,-13,pink)
(10,45,-13,yellow)
(10,46,-13,red)
(22,0,14,pink)
(22,1,14,red)
(22,2,14,pink)
(22,3,14,blue)
(22,4,14,blue)
(22,5,14,red)
(22,6,14,yellow)
(22,7,14,blue)
(22,8,14,red)
(22,9,14,red)
(22,10,14,blue)
(22,11,14,red)
(22,12,14,yellow)
(22,13,14,yellow)
(22,14,14,red)
(22,15,14,blue)
(22,16,14,blue)
(22,17,14,blue)
(22,18,14,red)
(22,19,14,blue)
(22,20,14,pink)
(22,21,14,yellow)
(22,22,14,blue)
(-31,0,-5,blue)
(-31,1,-5,pink)
(-31,2,-5,red)
(-31,3,-5,blue)
(-31,4,-5,pink)
(-31,5,-5,pink)
(-31,6,-5,pink)
(-31,7,-5,pink)
(-31,8,-5,pink)
(-31,9,-5,yellow)
(-31,10,-5,yellow)
(-31,11,-5,yellow)
(-31,12,-5,blue)
(-31,13,-5,pink)
(-31,14,-5,yellow)
(-31,15,-5,blue)
(-31,16,-5,red)
(-31,17,-5,blue)
(-31,18,-5,yellow)
(-31,19,-5,blue)
(-31,20,-5,blue)
(-31,21,-5,pink)
(-31,22,-5,pink)
(-31,23,-5,red)
(-31,24,-5,yellow)
(-31,25,-5,yellow)
(-31,26,-5,blue)
(-31,27,-5,blue)
(-31,28,-5,yellow)
(-31,29,-5,pink)
(-31,30,-5,red)
(-31,31,-5,yellow)
(-31,32,-5,pink)
(-31,33,-5,yellow)
(-31,34,-5,pink)
(-31,35,-5,yellow)
(-31,36,-5,blue)
(-31,37,-5,red)
(-31,38,-5,red)
(-31,39,-5,pink)
(-31,40,-5,blue)
(-31,41,-5,yellow)
(-31,42,-5,yellow)
(-31,43,-5,blue)
(-31,44,-5,pink)
(-31,45,-5,yellow)
(-31,46,-5,red)
(-31,47,-5,blue)
(-7,0,-21,pink)
(-7,1,-21,red)
(-7,2,-21,pink)
(-7,3,-21,blue)
(-7,4,-21,blue)
(-7,5,-21,pink)
(-7,6,-21,pink)
(-7,7,-21,pink)
(-7,8,-21,blue)
(-7,9,-21,blue)
(-7,10,-21,blue)
(-7,11,-21,red)
(-7,12,-21,red)
(-7,13,-21,yellow)
(-7,14,-21,yellow)
(-7,15,-21,blue)
(-7,16,-21,pink)
(-7,17,-21,yellow)
(-7,18,-21,yellow)
(-7,19,-21,yellow)
(-7,20,-21,yellow)
(-7,21,-21,red)
(-7,22,-21,red)
(-7,23,-21,blue)
(-7,24,-21,yellow)
(-7,25,-21,pink)
(-7,26,-21,blue)
(-7,27,-21,yellow)
(-7,28,-21,red)
(-7,29,-21,blue)
(49,0,-37,pink)
(49,1,-37,pink)
(49,2,-37,pink)
(49,3,-37,blue)
(49,4,-37,yellow)
(49,5,-37,red)
(49,6,-37,blue)
(49,7,-37,pink)
(49,8,-37,red)
(49,9,-37,blue)
(49,10,-37,pink)
(49,11,-37,red)
(49,12,-37,blue)
(49,13,-37,blue)
(49,14,-37,red)
(49,15,-37,pink)
(49,16,-37,blue)
(49,17,-37,red)
(49,18,-37,blue)
(49,19,-37,pink)
(49,20,-37,red)
(49,21,-37,yellow)
(49,22,-37,pink)
(49,23,-37,red)
(49,24,-37,red)
(49,25,-37,pink)
(49,26,-37,yellow)
(49,27,-37,pink)
(-18,0,19,blue)
(-18,1,19,blue)
(-18,2,19,yellow)
(-18,3,19,pink)
(-18,4,19,blue)
(-18,5,19,blue)
(-18,6,19,pink)
(-18,7,19,yellow)
(-18,8,19,yellow)
(-18,9,19,yellow)
(-18,10,19,blue)
(-18,11,19,yellow)
(-18,12,19,pink)
(-18,13,19,blue)
(-18,14,19,pink)
(-18,15,19,yellow)
(-18,16,19,red)
(-18,17,19,yellow)
(-18,18,19,pink)
(-18,19,19,red)
(40,0,21,red)
(40,1,21,pink)
(40,2,21,yellow)
(40,3,21,yellow)
(40,4,21,yellow)
(40,5,21,yellow)
(40,6,21,pink)
(40,7,21,red)
(40,8,21,blue)
(40,9,21,blue)
(40,10,21,pink)
(40,11,21,pink)
(40,12,21,red)
(40,13,21,yellow)
(40,14,21,pink)
(40,15,21,red)
(40,16,21,blue)
(40,17,21,yellow)
(40,18,21,blue)
(40,19,21,red)
(40,20,21,red)
(40,21,21,red)
(40,22,21,red)
(40,23,21,red)
(40,24,21,blue)
(40,25,21,pink)
(40,26,21,pink)
(40,27,21,yellow)
(40,28,21,yellow)
(40,29,21,red)
(40,30,21,yellow)
(40,31,21,blue)
(40,32,21,blue)
(40,33,21,pink)
(40,34,21,blue)
(40,35,21,yellow)
(40,36,21,red)
(40,37,21,yellow)
(-34,0,32,red)
(-34,1,32,blue)
(-34,2,32,yellow)
(-34,3,32,pink)
(-34,4,32,pink)
(-34,5,32,yellow)
(-34,6,32,red)
(-34,7,32,pink)
(-34,8,32,blue)
(-33,0,-17,red)
(-33,1,-17,red)
(-33,2,-17,blue)
(-33,3,-17,yellow)
(-33,4,-17,blue)
(-33,5,-17,pink)
(-47,0,3,red)
(-47,1,3,red)
(-47,2,3,pink)
(-47,3,3,pink)
(-47,4,3,red)
(-47,5,3,yellow)
(-47,6,3,red)
(-8,0,-7,blue)
(-8,1,-7,yellow)
(-8,2,-7,pink)
(-8,3,-7,red)
(-8,4,-7,pink)
(-8,5,-7,blue)
(-8,6,-7,blue)
(-8,7,-7,yellow)
(-8,8,-7,pink)
(-8,9,-7,yellow)
(-8,10,-7,yellow)
(-8,11,-7,yellow)
(-8,12,-7,yellow)
(-8,13,-7,blue)
(-8,14,-7,red)
(-8,15,-7,blue)
(-8,16,-7,pink)
(-8,17,-7,blue)
(-8,18,-7,blue)
(-8,19,-7,blue)
(-8,20,-7,red)
(-8,21,-7,blue)
(-8,22,-7,yellow)
(-8,23,-7,yellow)
(-8,24,-7,blue)
(-8,25,-7,pink)
(-8,26,-7,yellow)
(-8,27,-7,pink)
(-8,28,-7,blue)
(-8,29,-7,blue)
(-8,30,-7,red)
(-8,31,-7,pink)
(-8,32,-7,blue)
(-8,33,-7,red)
(-8,34,-7,red)
(-8,35,-7,blue)
(-8,36,-7,yellow)
(-8,37,-7,pink)
(-8,38,-7,pink)
(-8,39,-7,red)
(-8,40,-7,red)
(-8,41,-7,blue)
(-8,42,-7,pink)
(-8,43,-7,pink)
(-8,44,-7,yellow)
(-8,45,-7,pink)
(18,45,-18,drone)
