(39,0,30,blue)
(39,1,30,purple)
(39,2,30,purple)
(39,3,30,purple)
(39,4,30,blue)
(39,5,30,purple)
(39,6,30,red)
(39,7,30,purple)
(39,8,30,blue)
(39,9,30,blue)
(39,10,30,red)
(39,11,30,red)
(39,12,30,purple)
(39,13,30,blue)
(39,14,30,blue)
(39,15,30,purple)
(39,16,30,red)
(39,17,30,blue)
(39,18,30,purple)
(39,19,30,purple)
(39,20,30,blue)
(39,21,30,blue)
(39,22,30,blue)
(39,23,30,blue)
(39,24,30,purple)
(39,25,30,purple)
(39,26,30,blue)
(39,27,30,red)
(39,28,30,blue)
(39,29,30,purple)
(39,30,30,red)
(39,31,30,blue)
(39,32,30,blue)
(39,33,30,purple)
(39,34,30,red)
(39,35,30,purple)
(39,36,30,red)
(39,37,30,blue)
(39,38,30,blue)
(39,39,30,blue)
(39,40,30,red)
(39,41,30,blue)
(39,42,30,red)
(39,43,30,blue)
(39,44,30,red)
(39,45,30,purple)
(39,46,30,purple)
(-35,0,28,purple)
(-35,1,28,blue)
(-35,2,28,purple)
(-35,3,28,purple)
(-35,4,28,red)
(-35,5,28,blue)
(-35,6,28,blue)
(-35,7,28,red)
(-35,8,28,purple)
(-35,9,28,red)
(-35,10,28,purple)
(-35,11,28,red)
(-35,12,28,purple)
(-35,13,28,blue)
(-35,14,28,purple)
(-35,15,28,red)
(-35,16,28,red)
(-35,17,28,purple)
(-35,18,28,purple)
(-35,19,28,purple)
(-35,20,28,blue)
(-35,21,28,blue)
(-35,22,28,red)
(-35,23,28,red)
(-35,24,28,blue)
(-35,25,28,blue)
(-35,26,28,blue)
(-35,27,28,blue)
(-35,28,28,red)
(-35,29,28,red)
(-35,30,28,red)
(-35,31,28,red)
(-35,32,28,purple)
(-35,33,28,red)
(-35,34,28,blue)
(-35,35,28,purple)
(-35,36,28,red)
(-35,37,28,purple)
(-35,38,28,red)
(-35,39,28,purple)
(-35,40,28,red)
(-35,41,28,purple)
(-35,42,28,purple)
(-35,43,28,purple)
(-35,44,28,red)
(-35,45,28,purple)
(-35,46,28,blue)
(-35,47,28,red)
(10,0,-21,red)
(10,1,-21,blue)
(10,2,-21,purple)
(10,3,-21,purple)
(10,4,-21,blue)
(10,5,-21,purple)
(10,6,-21,purple)
(10,7,-21,blue)
(10,8,-21,red)
(10,9,-21,blue)
(10,10,-21,red)
(10,11,-21,red)
(10,12,-21,purple)
(10,13,-21,blue)
(10,14,-21,purple)
(10,15,-21,blue)
(10,16,-21,blue)
(10,17,-21,purple)
(10,18,-21,red)
(10,19,-21,purple)
(10,20,-21,blue)
(10,21,-21,purple)
(10,22,-21,red)
(10,23,-21,red)
(10,24,-21,purple)
(10,25,-21,purple)
(10,26,-21,purple)
(10,27,-21,purple)
(10,28,-21,purple)
(10,29,-21,purple)
(10,30,-21,purple)
(10,31,-21,blue)
(10,32,-21,purple)
(10,33,-21,blue)
(10,34,-21,blue)
(10,35,-21,purple)
(10,36,-21,blue)
(10,37,-21,purple)
(10,38,-21,blue)
(10,39,-21,blue)
(10,40,-21,red)
(10,41,-21,blue)
(-35,0,-27,blue)
(-35,1,-27,blue)
(-35,2,-27,purple)
(8,0,25,blue)
(8,1,25,purple)
(8,2,25,purple)
(8,3,25,blue)
(8,4,25,purple)
(8,5,25,blue)
(8,6,25,purple)
(8,7,25,red)
(8,8,25,red)
(8,9,25,blue)
(8,10,25,red)
(8,11,25,purple)
(8,12,25,blue)
(8,13,25,red)
(8,14,25,purple)
(8,15,25,blue)
(8,16,25,purple)
(8,17,25,purple)
(8,18,25,purple)
(8,19,25,blue)
(8,20,25,red)
(8,21,25,blue)
(8,22,25,purple)
(8,23,25,blue)
(43,0,16,purple)
(43,1,16,blue)
(43,2,16,red)
(43,3,16,red)
(43,4,16,red)
(43,5,16,blue)
(43,6,16,blue)
(-43,0,-41,blue)
(-43,1,-41,blue)
(-43,2,-41,blue)
(-43,3,-41,blue)
(-43,4,-41,blue)
(-43,5,-41,blue)
(-43,6,-41,blue)
(-43,7,-41,purple)
(-43,8,-41,purple)
(-43,9,-41,blue)
(-43,10,-41,purple)
(-43,11,-41,red)
(-43,12,-41,blue)
(-43,13,-41,blue)
(-43,14,-41,blue)
(-43,15,-41,blue)
(-43,16,-41,red)
(-43,17,-41,purple)
(-43,18,-41,purple)
(-43,19,-41,red)
(-43,20,-41,red)
(-43,21,-41,purple)
(-43,22,-41,blue)
(-43,23,-41,purple)
(-43,24,-41,blue)
(-43,25,-41,red)
(-43,26,-41,red)
(-43,27,-41,red)
(-43,28,-41,red)
(-43,29,-41,red)
(-43,30,-41,purple)
(-43,31,-41,purple)
(-43,32,-41,purple)
(-43,33,-41,blue)
(-43,34,-41,blue)
(-43,35,-41,red)
(-43,36,-41,blue)
(-43,37,-41,purple)
(-43,38,-41,red)
(-43,39,-41,red)
(-43,40,-41,purple)
(-50,0,43,blue)
(-50,1,43,blue)
(-50,2,43,purple)
(-50,3,43,purple)
(-50,4,43,purple)
(-50,5,43,red)
(-50,6,43,blue)
(-50,7,43,blue)
(-50,8,43,blue)
(-50,9,43,red)
(-50,10,43,red)
(-50,11,43,blue)
(-50,12,43,purple)
(-50,13,43,red)
(-50,14,43,purple)
(-50,15,43,blue)
(-50,16,43,blue)
(-50,17,43,blue)
(-50,18,43,purple)
(-50,19,43,blue)
(-50,20,43,purple)
(-50,21,43,red)
(-50,22,43,red)
(-50,23,43,red)
(-50,24,43,blue)
(-50,25,43,purple)
(-50,26,43,blue)
(-50,27,43,blue)
(-50,28,43,red)
(-50,29,43,purple)
(-50,30,43,red)
(-50,31,43,purple)
(-50,32,43,purple)
(-50,33,43,red)
(-50,34,43,purple)
(-50,35,43,blue)
(-50,36,43,purple)
(-50,37,43,blue)
(-50,38,43,purple)
(-50,39,43,blue)
(-50,40,43,purple)
(-50,41,43,purple)
(-50,42,43,purple)
(-50,43,43,blue)
(-50,44,43,red)
(-50,45,43,purple)
(-50,46,43,red)
(-50,0,21,blue)
(-50,1,21,purple)
(-50,2,21,purple)
(-50,3,21,blue)
(-50,4,21,red)
(-50,5,21,blue)
(-50,6,21,purple)
(-50,7,21,red)
(-50,8,21,purple)
(-50,9,21,blue)
(-50,10,21,red)
(-50,11,21,purple)
(-50,12,21,red)
(-50,13,21,blue)
(-50,14,21,purple)
(-50,15,21,purple)
(-50,16,21,red)
(-50,17,21,red)
(-50,18,21,purple)
(-50,19,21,purple)
(-50,20,21,blue)
(-50,21,21,blue)
(-50,22,21,red)
(-50,23,21,blue)
(-50,24,21,red)
(-50,25,21,blue)
(-50,26,21,blue)
(-50,27,21,blue)
(-50,28,21,blue)
(-50,29,21,purple)
(-50,30,21,purple)
(-50,31,21,red)
(-50,32,21,red)
(-50,33,21,purple)
(-50,34,21,blue)
(-50,35,21,blue)
(-50,36,21,red)
(-50,37,21,purple)
(-4,37,10,drone)
